# # high-z (shifted to z = 0); k = 0 
# # Ms 		 Mbh 	 err_Ms 	 Err_Ms 	 errMbh 	 ErrMbh
2.9380000e+11 3.5141312e+08 1.9200000e+10 1.9100000e+10 3.1159663e+07 3.1159663e+07
3.6590000e+09 1.3410051e+08 6.9000000e+07 6.9000000e+07 2.4863907e+07 2.4863907e+07
2.2310000e+11 5.7879981e+08 2.0400000e+10 2.0300000e+10 2.5499227e+07 2.5499227e+07
2.0500000e+11 2.9508636e+08 1.2500000e+10 1.2400000e+10 6.8246878e+07 6.8246878e+07
2.7110000e+11 5.3851262e+08 8.9000000e+09 9.0000000e+09 7.7168194e+07 7.7168194e+07
2.2770000e+11 3.3831265e+08 1.5100000e+10 1.5200000e+10 4.9895043e+07 4.9895043e+07
6.6370000e+11 6.1116805e+08 9.9000000e+09 9.8000000e+09 7.9850336e+07 7.9850336e+07
4.0820000e+11 5.5472505e+08 1.3340000e+11 1.3340000e+11 5.0918246e+07 5.0918246e+07
1.4760000e+11 8.2635250e+07 6.9000000e+09 6.9000000e+09 2.5571120e+07 2.5571120e+07
1.6030000e+11 2.0488472e+08 4.2000000e+09 4.1000000e+09 3.3286754e+07 3.3286754e+07
7.2380000e+11 1.9276517e+09 2.4400000e+11 2.4390000e+11 1.0008255e+08 1.0008255e+08
3.6830000e+11 5.6536516e+08 1.2000000e+09 1.2000000e+09 5.3384886e+07 5.3384886e+07
6.6060000e+11 1.3022313e+09 3.1300000e+10 3.1300000e+10 1.7631323e+08 1.7631323e+08
2.9660000e+11 4.2622688e+08 1.1900000e+10 1.1900000e+10 2.4049141e+08 2.4049141e+08
1.7680000e+11 2.9145821e+08 4.9000000e+09 4.9000000e+09 1.4078651e+08 1.4078651e+08
2.7310000e+11 6.0487628e+08 2.1100000e+10 2.1100000e+10 1.3503899e+08 1.3503899e+08
4.9330000e+11 1.9564225e+09 1.7000000e+09 1.7000000e+09 1.1433896e+08 1.1433896e+08
3.8870000e+11 1.1276884e+08 3.6800000e+10 3.6700000e+10 2.4060339e+07 2.4060339e+07
5.5660000e+11 4.0290028e+08 1.7900000e+10 1.7900000e+10 6.4479353e+07 6.4479353e+07
1.3080000e+11 2.8053839e+08 6.1320000e+10 6.1300000e+10 1.0048140e+08 1.0048140e+08
4.9520000e+11 3.6561109e+07 7.3900000e+10 7.4000000e+10 9.9421629e+06 9.9421629e+06
6.0490000e+11 1.1466783e+08 7.2000000e+09 7.1000000e+09 4.8433363e+07 4.8433363e+07
3.3840000e+11 6.9991280e+08 1.4000000e+09 1.4000000e+09 7.0561949e+07 7.0561949e+07
2.2540000e+11 2.0655929e+08 7.3000000e+09 7.4000000e+09 2.9366442e+07 2.9366442e+07
3.6220000e+11 8.9574381e+07 4.7000000e+09 4.6000000e+09 1.4410169e+07 1.4410169e+07
3.3620000e+11 2.7590788e+08 1.8600000e+10 1.8600000e+10 1.6675422e+08 1.6675422e+08
4.9300000e+10 2.6569173e+08 7.4700000e+09 7.4800000e+09 9.1638071e+07 9.1638071e+07
3.8000000e+11 1.2619360e+08 7.0000000e+08 7.0000000e+08 3.6375841e+07 3.6375841e+07
5.6010000e+11 2.2645937e+08 1.5000000e+10 1.5100000e+10 4.7265205e+07 4.7265205e+07
7.5150000e+11 8.8484425e+08 1.6500000e+10 1.6400000e+10 1.0374233e+08 1.0374233e+08
2.4720000e+11 8.4274419e+07 2.2100000e+10 2.2100000e+10 4.3763686e+07 4.3763686e+07
9.4090000e+10 8.5630991e+07 5.3600000e+09 5.3600000e+09 2.5230732e+07 2.5230732e+07
4.1390000e+11 9.0978970e+08 1.5520000e+11 1.5520000e+11 1.3140512e+08 1.3140512e+08
6.7930000e+11 4.4811150e+09 3.5000000e+09 3.6000000e+09 4.8384650e+08 4.8384650e+08
2.1710000e+11 3.7183562e+08 2.3000000e+09 2.4000000e+09 1.2658013e+08 1.2658013e+08
1.2860000e+11 8.7002424e+07 2.7000000e+09 2.8000000e+09 3.5849410e+07 3.5849410e+07
2.1610000e+11 2.0579904e+08 4.7000000e+09 4.7000000e+09 1.8928914e+07 1.8928914e+07
4.1400000e+11 2.7678781e+08 1.5100000e+10 1.5200000e+10 3.1025596e+07 3.1025596e+07
7.2800000e+11 7.7266965e+08 2.6400000e+10 2.6400000e+10 2.0743421e+08 2.0743421e+08
2.4580000e+11 9.3979992e+07 9.8000000e+09 9.8000000e+09 3.5351159e+07 3.5351159e+07
1.0170000e+10 1.0459856e+07 3.8300000e+08 3.9000000e+08 1.0329030e+07 1.0329030e+07
1.2860000e+12 5.8307280e+07 2.5000000e+10 2.5000000e+10 1.7833340e+08 1.7833340e+08
4.0740000e+11 4.6441848e+08 2.6000000e+09 2.6000000e+09 6.1992319e+07 6.1992319e+07
4.3580000e+11 5.2816555e+08 7.9000000e+10 7.8900000e+10 7.1393648e+07 7.1393648e+07
4.3080000e+11 6.0339555e+08 6.7000000e+09 6.6000000e+09 5.1118685e+07 5.1118685e+07
2.7730000e+11 1.2625695e+08 7.0000000e+09 6.9000000e+09 4.3233379e+07 4.3233379e+07
1.1300000e+12 4.7633079e+07 3.4000000e+10 3.5000000e+10 1.6806915e+07 1.6806915e+07
4.6650000e+11 4.5214177e+08 1.5600000e+10 1.5600000e+10 7.2063485e+07 7.2063485e+07
8.6850000e+11 2.5712926e+09 4.6340000e+11 4.6350000e+11 2.5935285e+08 2.5935285e+08
2.0690000e+11 1.1543531e+08 4.4000000e+09 4.5000000e+09 5.8032785e+07 5.8032785e+07
3.3060000e+11 6.7504126e+08 9.8000000e+09 9.7000000e+09 7.5326300e+07 7.5326300e+07
1.7920000e+11 3.4068435e+08 2.9000000e+09 2.9000000e+09 3.5438745e+07 3.5438745e+07
7.4270000e+11 2.1338772e+09 1.1800000e+10 1.1800000e+10 1.4793379e+08 1.4793379e+08
1.1400000e+11 4.3206879e+08 8.0000000e+08 9.0000000e+08 4.1512606e+07 4.1512606e+07
2.3170000e+11 8.2574599e+08 9.9000000e+09 9.9000000e+09 1.1321306e+08 1.1321306e+08
2.5730000e+11 2.9308172e+08 8.1800000e+10 8.1800000e+10 4.0443354e+07 4.0443354e+07
3.3570000e+11 4.1149150e+08 2.4100000e+10 2.4100000e+10 1.8043461e+07 1.8043461e+07
3.9900000e+11 4.8868496e+08 3.0400000e+10 3.0400000e+10 2.5440703e+07 2.5440703e+07
3.6390000e+11 2.1623589e+08 1.4900000e+10 1.4900000e+10 3.7447667e+07 3.7447667e+07
3.6100000e+11 2.4895332e+08 3.0000000e+09 3.0000000e+09 2.3150953e+07 2.3150953e+07
3.8090000e+11 1.4520324e+08 6.6600000e+10 6.6600000e+10 4.8663058e+07 4.8663058e+07
3.1480000e+11 5.2063476e+08 5.6000000e+09 5.7000000e+09 1.1379811e+08 1.1379811e+08
2.2390000e+11 5.9120767e+08 6.0000000e+08 6.0000000e+08 5.9989573e+07 5.9989573e+07
5.3880000e+11 9.4294154e+07 1.2460000e+11 1.2460000e+11 4.0159293e+07 4.0159293e+07
4.1050000e+11 3.6709503e+08 1.4300000e+10 1.4300000e+10 1.9591806e+08 1.9591806e+08
5.8680000e+11 6.7374598e+08 4.5000000e+09 4.5000000e+09 5.7428214e+07 5.7428214e+07
1.7750000e+11 3.5652836e+08 3.1900000e+10 3.1900000e+10 5.0073654e+07 5.0073654e+07
3.0820000e+11 7.1845770e+08 2.0130000e+11 2.0120000e+11 4.7755463e+07 4.7755463e+07
2.1350000e+11 2.2484806e+08 4.3100000e+10 4.3000000e+10 4.4009617e+07 4.4009617e+07
4.6770000e+11 2.9856951e+07 1.6300000e+10 1.6300000e+10 1.7530249e+07 1.7530249e+07
9.4720000e+11 9.2598839e+07 5.3400000e+10 5.3800000e+10 3.1066426e+07 3.1066426e+07
5.9260000e+11 1.2530620e+09 8.5000000e+09 8.5000000e+09 1.1083697e+08 1.1083697e+08
1.1410000e+11 5.1779965e+07 5.9000000e+09 5.8000000e+09 1.9939828e+07 1.9939828e+07
1.2130000e+11 4.1639082e+08 1.1000000e+09 1.2000000e+09 6.0621120e+07 6.0621120e+07
1.7200000e+11 2.0038091e+08 1.0870000e+11 1.0860000e+11 4.2758217e+07 4.2758217e+07
2.0970000e+11 1.0030397e+08 1.0690000e+11 1.0680000e+11 2.5610992e+07 2.5610992e+07
2.3190000e+11 1.3911401e+08 7.5000000e+09 7.5000000e+09 3.5972674e+07 3.5972674e+07
8.2470000e+10 9.7100183e+06 2.0300000e+09 2.0400000e+09 5.5629168e+07 5.5629168e+07
1.9480000e+11 3.2725412e+08 8.4100000e+10 8.4100000e+10 4.2671912e+07 4.2671912e+07
3.5150000e+11 3.0497301e+09 3.7500000e+10 3.7400000e+10 8.8905922e+08 8.8905922e+08
3.6710000e+11 2.0443825e+09 1.1000000e+09 1.1000000e+09 2.9062481e+08 2.9062481e+08
1.6810000e+11 5.9202896e+07 1.6000000e+09 1.7000000e+09 2.2918422e+07 2.2918422e+07
4.1340000e+11 2.6790828e+08 2.7900000e+10 2.7900000e+10 1.1132836e+08 1.1132836e+08
8.9260000e+11 3.9411143e+08 3.7500000e+10 3.7600000e+10 9.2069158e+07 9.2069158e+07
2.0190000e+11 4.0863787e+08 3.4800000e+10 3.4900000e+10 3.0970820e+07 3.0970820e+07
3.2130000e+11 6.2595149e+07 4.4800000e+10 4.4800000e+10 3.4913445e+07 3.4913445e+07
2.2280000e+11 2.9957024e+08 4.0000000e+08 4.0000000e+08 5.2345536e+07 5.2345536e+07
4.7040000e+11 8.0937256e+08 2.1000000e+10 2.1000000e+10 1.2408407e+08 1.2408407e+08
1.1840000e+11 1.2322292e+08 3.6220000e+10 3.6300000e+10 3.8994075e+07 3.8994075e+07
2.1940000e+11 8.6996282e+08 6.2000000e+09 6.3000000e+09 2.3352585e+08 2.3352585e+08
2.1750000e+11 1.9739438e+07 9.0000000e+08 1.0000000e+09 2.1016156e+07 2.1016156e+07
5.6930000e+11 2.7115506e+08 1.1270000e+11 1.1270000e+11 2.6603741e+07 2.6603741e+07
2.7200000e+11 2.4253337e+08 4.3000000e+09 4.2000000e+09 7.2395318e+07 7.2395318e+07
3.8920000e+11 1.5494027e+08 1.8920000e+11 1.8930000e+11 3.6147962e+07 3.6147962e+07
2.9260000e+11 2.0919810e+08 3.9000000e+09 3.9000000e+09 7.9142614e+07 7.9142614e+07
3.5480000e+11 4.5977420e+08 6.8000000e+09 6.8000000e+09 3.6124750e+07 3.6124750e+07
2.3350000e+11 2.7237041e+08 2.9700000e+10 2.9600000e+10 5.3063098e+07 5.3063098e+07
5.2090000e+11 6.6890301e+08 4.2700000e+10 4.2700000e+10 5.7301869e+07 5.7301869e+07
5.9040000e+11 5.9680345e+08 8.5000000e+09 8.6000000e+09 3.2725796e+07 3.2725796e+07
8.9050000e+10 2.9569259e+08 1.6300000e+09 1.6300000e+09 4.4839866e+07 4.4839866e+07
2.0100000e+11 2.5823954e+07 2.9200000e+10 2.9300000e+10 2.7753898e+07 2.7753898e+07
2.4520000e+11 4.0322047e+08 1.1000000e+09 1.2000000e+09 3.3617001e+07 3.3617001e+07
2.6030000e+11 3.1174633e+08 2.7100000e+10 2.7200000e+10 4.4256419e+07 4.4256419e+07
1.2280000e+11 1.0447603e+08 7.3000000e+09 7.4000000e+09 4.5366935e+07 4.5366935e+07
5.5610000e+11 4.1512016e+08 1.4200000e+10 1.4200000e+10 3.5875174e+07 3.5875174e+07
1.8910000e+11 5.0668868e+08 6.4700000e+10 6.4600000e+10 7.6434119e+07 7.6434119e+07
4.7400000e+11 2.5210373e+08 4.7600000e+10 4.7600000e+10 3.6101931e+07 3.6101931e+07
3.7880000e+11 9.1819691e+08 7.8000000e+09 7.9000000e+09 7.9260154e+07 7.9260154e+07
