# # high-z (shifted to z = 0); k = 3 
# # Ms 		 Mbh 	 err_Ms 	 Err_Ms 	 errMbh 	 ErrMbh
2.9380000e+11 2.3507095e+09 1.9200000e+10 1.9100000e+10 3.1159663e+07 3.1159663e+07
3.6590000e+09 8.5583874e+08 6.9000000e+07 6.9000000e+07 2.4863907e+07 2.4863907e+07
2.2310000e+11 3.5008499e+09 2.0400000e+10 2.0300000e+10 2.5499227e+07 2.5499227e+07
2.0500000e+11 1.9019025e+09 1.2500000e+10 1.2400000e+10 6.8246878e+07 6.8246878e+07
2.7110000e+11 3.2840634e+09 8.9000000e+09 9.0000000e+09 7.7168194e+07 7.7168194e+07
2.2770000e+11 2.0530179e+09 1.5100000e+10 1.5200000e+10 4.9895043e+07 4.9895043e+07
6.6370000e+11 3.7069851e+09 9.9000000e+09 9.8000000e+09 7.9850336e+07 7.9850336e+07
4.0820000e+11 3.6042316e+09 1.3340000e+11 1.3340000e+11 5.0918246e+07 5.0918246e+07
1.4760000e+11 5.5435812e+08 6.9000000e+09 6.9000000e+09 2.5571120e+07 2.5571120e+07
1.6030000e+11 1.2108904e+09 4.2000000e+09 4.1000000e+09 3.3286754e+07 3.3286754e+07
7.2380000e+11 1.2706689e+10 2.4400000e+11 2.4390000e+11 1.0008255e+08 1.0008255e+08
3.6830000e+11 3.8533995e+09 1.2000000e+09 1.2000000e+09 5.3384886e+07 5.3384886e+07
6.6060000e+11 8.6418585e+09 3.1300000e+10 3.1300000e+10 1.7631323e+08 1.7631323e+08
2.9660000e+11 2.6856012e+09 1.1900000e+10 1.1900000e+10 2.4049141e+08 2.4049141e+08
1.7680000e+11 1.9227707e+09 4.9000000e+09 4.9000000e+09 1.4078651e+08 1.4078651e+08
2.7310000e+11 3.8541221e+09 2.1100000e+10 2.1100000e+10 1.3503899e+08 1.3503899e+08
4.9330000e+11 1.3026772e+10 1.7000000e+09 1.7000000e+09 1.1433896e+08 1.1433896e+08
3.8870000e+11 7.0708539e+08 3.6800000e+10 3.6700000e+10 2.4060339e+07 2.4060339e+07
5.5660000e+11 2.7313294e+09 1.7900000e+10 1.7900000e+10 6.4479353e+07 6.4479353e+07
1.3080000e+11 1.7277452e+09 6.1320000e+10 6.1300000e+10 1.0048140e+08 1.0048140e+08
4.9520000e+11 2.5037690e+08 7.3900000e+10 7.4000000e+10 9.9421629e+06 9.9421629e+06
6.0490000e+11 7.1548899e+08 7.2000000e+09 7.1000000e+09 4.8433363e+07 4.8433363e+07
3.3840000e+11 4.6729905e+09 1.4000000e+09 1.4000000e+09 7.0561949e+07 7.0561949e+07
2.2540000e+11 1.2309436e+09 7.3000000e+09 7.4000000e+09 2.9366442e+07 2.9366442e+07
3.6220000e+11 5.4626007e+08 4.7000000e+09 4.6000000e+09 1.4410169e+07 1.4410169e+07
3.3620000e+11 1.8274726e+09 1.8600000e+10 1.8600000e+10 1.6675422e+08 1.6675422e+08
4.9300000e+10 1.6123248e+09 7.4700000e+09 7.4800000e+09 9.1638071e+07 9.1638071e+07
3.8000000e+11 7.4854347e+08 7.0000000e+08 7.0000000e+08 3.6375841e+07 3.6375841e+07
5.6010000e+11 1.3901297e+09 1.5000000e+10 1.5100000e+10 4.7265205e+07 4.7265205e+07
7.5150000e+11 5.1922996e+09 1.6500000e+10 1.6400000e+10 1.0374233e+08 1.0374233e+08
2.4720000e+11 5.1816989e+08 2.2100000e+10 2.2100000e+10 4.3763686e+07 4.3763686e+07
9.4090000e+10 5.2737357e+08 5.3600000e+09 5.3600000e+09 2.5230732e+07 2.5230732e+07
4.1390000e+11 5.9112038e+09 1.5520000e+11 1.5520000e+11 1.3140512e+08 1.3140512e+08
6.7930000e+11 2.8951757e+10 3.5000000e+09 3.6000000e+09 4.8384650e+08 4.8384650e+08
2.1710000e+11 2.4004354e+09 2.3000000e+09 2.4000000e+09 1.2658013e+08 1.2658013e+08
1.2860000e+11 5.7075390e+08 2.7000000e+09 2.8000000e+09 3.5849410e+07 3.5849410e+07
2.1610000e+11 1.3587572e+09 4.7000000e+09 4.7000000e+09 1.8928914e+07 1.8928914e+07
4.1400000e+11 1.7897218e+09 1.5100000e+10 1.5200000e+10 3.1025596e+07 3.1025596e+07
7.2800000e+11 4.6888718e+09 2.6400000e+10 2.6400000e+10 2.0743421e+08 2.0743421e+08
2.4580000e+11 5.5359051e+08 9.8000000e+09 9.8000000e+09 3.5351159e+07 3.5351159e+07
1.0170000e+10 6.3432884e+07 3.8300000e+08 3.9000000e+08 1.0329030e+07 1.0329030e+07
1.2860000e+12 3.6917983e+08 2.5000000e+10 2.5000000e+10 1.7833340e+08 1.7833340e+08
4.0740000e+11 3.0711591e+09 2.6000000e+09 2.6000000e+09 6.1992319e+07 6.1992319e+07
4.3580000e+11 3.5884756e+09 7.9000000e+10 7.8900000e+10 7.1393648e+07 7.1393648e+07
4.3080000e+11 3.9204599e+09 6.7000000e+09 6.6000000e+09 5.1118685e+07 5.1118685e+07
2.7730000e+11 8.4161634e+08 7.0000000e+09 6.9000000e+09 4.3233379e+07 4.3233379e+07
1.1300000e+12 3.1853074e+08 3.4000000e+10 3.5000000e+10 1.6806915e+07 1.6806915e+07
4.6650000e+11 2.6841955e+09 1.5600000e+10 1.5600000e+10 7.2063485e+07 7.2063485e+07
8.6850000e+11 1.6711909e+10 4.6340000e+11 4.6350000e+11 2.5935285e+08 2.5935285e+08
2.0690000e+11 6.8563666e+08 4.4000000e+09 4.5000000e+09 5.8032785e+07 5.8032785e+07
3.3060000e+11 4.4782740e+09 9.8000000e+09 9.7000000e+09 7.5326300e+07 7.5326300e+07
1.7920000e+11 1.9901844e+09 2.9000000e+09 2.9000000e+09 3.5438745e+07 3.5438745e+07
7.4270000e+11 1.3238887e+10 1.1800000e+10 1.1800000e+10 1.4793379e+08 1.4793379e+08
1.1400000e+11 2.5535724e+09 8.0000000e+08 9.0000000e+08 4.1512606e+07 4.1512606e+07
2.3170000e+11 5.3479113e+09 9.9000000e+09 9.9000000e+09 1.1321306e+08 1.1321306e+08
2.5730000e+11 1.8346986e+09 8.1800000e+10 8.1800000e+10 4.0443354e+07 4.0443354e+07
3.3570000e+11 2.5135611e+09 2.4100000e+10 2.4100000e+10 1.8043461e+07 1.8043461e+07
3.9900000e+11 2.9315261e+09 3.0400000e+10 3.0400000e+10 2.5440703e+07 2.5440703e+07
3.6390000e+11 1.4668294e+09 1.4900000e+10 1.4900000e+10 3.7447667e+07 3.7447667e+07
3.6100000e+11 1.4934226e+09 3.0000000e+09 3.0000000e+09 2.3150953e+07 2.3150953e+07
3.8090000e+11 8.6530599e+08 6.6600000e+10 6.6600000e+10 4.8663058e+07 4.8663058e+07
3.1480000e+11 3.2116718e+09 5.6000000e+09 5.7000000e+09 1.1379811e+08 1.1379811e+08
2.2390000e+11 3.4987403e+09 6.0000000e+08 6.0000000e+08 5.9989573e+07 5.9989573e+07
5.3880000e+11 5.7598788e+08 1.2460000e+11 1.2460000e+11 4.0159293e+07 4.0159293e+07
4.1050000e+11 2.1803884e+09 1.4300000e+10 1.4300000e+10 1.9591806e+08 1.9591806e+08
5.8680000e+11 4.3867055e+09 4.5000000e+09 4.5000000e+09 5.7428214e+07 5.7428214e+07
1.7750000e+11 2.2209949e+09 3.1900000e+10 3.1900000e+10 5.0073654e+07 5.0073654e+07
3.0820000e+11 4.6008377e+09 2.0130000e+11 2.0120000e+11 4.7755463e+07 4.7755463e+07
2.1350000e+11 1.4052644e+09 4.3100000e+10 4.3000000e+10 4.4009617e+07 4.4009617e+07
4.6770000e+11 1.9586777e+08 1.6300000e+10 1.6300000e+10 1.7530249e+07 1.7530249e+07
9.4720000e+11 6.3413312e+08 5.3400000e+10 5.3800000e+10 3.1066426e+07 3.1066426e+07
5.9260000e+11 7.7298408e+09 8.5000000e+09 8.5000000e+09 1.1083697e+08 1.1083697e+08
1.1410000e+11 3.4847187e+08 5.9000000e+09 5.8000000e+09 1.9939828e+07 1.9939828e+07
1.2130000e+11 2.7889145e+09 1.1000000e+09 1.2000000e+09 6.0621120e+07 6.0621120e+07
1.7200000e+11 1.2280318e+09 1.0870000e+11 1.0860000e+11 4.2758217e+07 4.2758217e+07
2.0970000e+11 6.2995170e+08 1.0690000e+11 1.0680000e+11 2.5610992e+07 2.5610992e+07
2.3190000e+11 8.7369524e+08 7.5000000e+09 7.5000000e+09 3.5972674e+07 3.5972674e+07
8.2470000e+10 5.8730698e+07 2.0300000e+09 2.0400000e+09 5.5629168e+07 5.5629168e+07
1.9480000e+11 1.9117287e+09 8.4100000e+10 8.4100000e+10 4.2671912e+07 4.2671912e+07
3.5150000e+11 1.8555741e+10 3.7500000e+10 3.7400000e+10 8.8905922e+08 8.8905922e+08
3.6710000e+11 1.3969349e+10 1.1000000e+09 1.1000000e+09 2.9062481e+08 2.9062481e+08
1.6810000e+11 3.4642347e+08 1.6000000e+09 1.7000000e+09 2.2918422e+07 2.2918422e+07
4.1340000e+11 1.7434885e+09 2.7900000e+10 2.7900000e+10 1.1132836e+08 1.1132836e+08
8.9260000e+11 2.3896612e+09 3.7500000e+10 3.7600000e+10 9.2069158e+07 9.2069158e+07
2.0190000e+11 2.4635012e+09 3.4800000e+10 3.4900000e+10 3.0970820e+07 3.0970820e+07
3.2130000e+11 3.9761579e+08 4.4800000e+10 4.4800000e+10 3.4913445e+07 3.4913445e+07
2.2280000e+11 1.8119399e+09 4.0000000e+08 4.0000000e+08 5.2345536e+07 5.2345536e+07
4.7040000e+11 5.5330992e+09 2.1000000e+10 2.1000000e+10 1.2408407e+08 1.2408407e+08
1.1840000e+11 7.3068001e+08 3.6220000e+10 3.6300000e+10 3.8994075e+07 3.8994075e+07
2.1940000e+11 5.9294675e+09 6.2000000e+09 6.3000000e+09 2.3352585e+08 2.3352585e+08
2.1750000e+11 1.2825364e+08 9.0000000e+08 1.0000000e+09 2.1016156e+07 2.1016156e+07
5.6930000e+11 1.6919171e+09 1.1270000e+11 1.1270000e+11 2.6603741e+07 2.6603741e+07
2.7200000e+11 1.6585508e+09 4.3000000e+09 4.2000000e+09 7.2395318e+07 7.2395318e+07
3.8920000e+11 9.9220180e+08 1.8920000e+11 1.8930000e+11 3.6147962e+07 3.6147962e+07
2.9260000e+11 1.4326254e+09 3.9000000e+09 3.9000000e+09 7.9142614e+07 7.9142614e+07
3.5480000e+11 2.9063996e+09 6.8000000e+09 6.8000000e+09 3.6124750e+07 3.6124750e+07
2.3350000e+11 1.6017382e+09 2.9700000e+10 2.9600000e+10 5.3063098e+07 5.3063098e+07
5.2090000e+11 4.5016230e+09 4.2700000e+10 4.2700000e+10 5.7301869e+07 5.7301869e+07
5.9040000e+11 3.6875637e+09 8.5000000e+09 8.6000000e+09 3.2725796e+07 3.2725796e+07
8.9050000e+10 1.8151205e+09 1.6300000e+09 1.6300000e+09 4.4839866e+07 4.4839866e+07
2.0100000e+11 1.6202726e+08 2.9200000e+10 2.9300000e+10 2.7753898e+07 2.7753898e+07
2.4520000e+11 2.5530408e+09 1.1000000e+09 1.2000000e+09 3.3617001e+07 3.3617001e+07
2.6030000e+11 1.8363463e+09 2.7100000e+10 2.7200000e+10 4.4256419e+07 4.4256419e+07
1.2280000e+11 7.0758732e+08 7.3000000e+09 7.4000000e+09 4.5366935e+07 4.5366935e+07
5.5610000e+11 2.7495435e+09 1.4200000e+10 1.4200000e+10 3.5875174e+07 3.5875174e+07
1.8910000e+11 3.2762706e+09 6.4700000e+10 6.4600000e+10 7.6434119e+07 7.6434119e+07
4.7400000e+11 1.5781754e+09 4.7600000e+10 4.7600000e+10 3.6101931e+07 3.6101931e+07
3.7880000e+11 5.7479348e+09 7.8000000e+09 7.9000000e+09 7.9260154e+07 7.9260154e+07
