# # high-z (shifted to z = 0); k = 1 
# # Ms 		 Mbh 	 err_Ms 	 Err_Ms 	 errMbh 	 ErrMbh
2.9380000e+11 6.6213260e+08 1.9200000e+10 1.9100000e+10 3.1159663e+07 3.1159663e+07
3.6590000e+09 2.4874304e+08 6.9000000e+07 6.9000000e+07 2.4863907e+07 2.4863907e+07
2.2310000e+11 1.0545732e+09 2.0400000e+10 2.0300000e+10 2.5499227e+07 2.5499227e+07
2.0500000e+11 5.4915571e+08 1.2500000e+10 1.2400000e+10 6.8246878e+07 6.8246878e+07
2.7110000e+11 9.8386256e+08 8.9000000e+09 9.0000000e+09 7.7168194e+07 7.7168194e+07
2.2770000e+11 6.1708227e+08 1.5100000e+10 1.5200000e+10 4.9895043e+07 4.9895043e+07
6.6370000e+11 1.1145872e+09 9.9000000e+09 9.8000000e+09 7.9850336e+07 7.9850336e+07
4.0820000e+11 1.0351169e+09 1.3340000e+11 1.3340000e+11 5.0918246e+07 5.0918246e+07
1.4760000e+11 1.5585008e+08 6.9000000e+09 6.9000000e+09 2.5571120e+07 2.5571120e+07
1.6030000e+11 3.7043157e+08 4.2000000e+09 4.1000000e+09 3.3286754e+07 3.3286754e+07
7.2380000e+11 3.6143470e+09 2.4400000e+11 2.4390000e+11 1.0008255e+08 1.0008255e+08
3.6830000e+11 1.0719323e+09 1.2000000e+09 1.2000000e+09 5.3384886e+07 5.3384886e+07
6.6060000e+11 2.4471531e+09 3.1300000e+10 3.1300000e+10 1.7631323e+08 1.7631323e+08
2.9660000e+11 7.8724105e+08 1.1900000e+10 1.1900000e+10 2.4049141e+08 2.4049141e+08
1.7680000e+11 5.4662987e+08 4.9000000e+09 4.9000000e+09 1.4078651e+08 1.4078651e+08
2.7310000e+11 1.1213801e+09 2.1100000e+10 2.1100000e+10 1.3503899e+08 1.3503899e+08
4.9330000e+11 3.6806177e+09 1.7000000e+09 1.7000000e+09 1.1433896e+08 1.1433896e+08
3.8870000e+11 2.0794574e+08 3.6800000e+10 3.6700000e+10 2.4060339e+07 2.4060339e+07
5.5660000e+11 7.6252908e+08 1.7900000e+10 1.7900000e+10 6.4479353e+07 6.4479353e+07
1.3080000e+11 5.1422686e+08 6.1320000e+10 6.1300000e+10 1.0048140e+08 1.0048140e+08
4.9520000e+11 6.9429546e+07 7.3900000e+10 7.4000000e+10 9.9421629e+06 9.9421629e+06
6.0490000e+11 2.1110347e+08 7.2000000e+09 7.1000000e+09 4.8433363e+07 4.8433363e+07
3.3840000e+11 1.3179358e+09 1.4000000e+09 1.4000000e+09 7.0561949e+07 7.0561949e+07
2.2540000e+11 3.7449199e+08 7.3000000e+09 7.4000000e+09 2.9366442e+07 2.9366442e+07
3.6220000e+11 1.6365239e+08 4.7000000e+09 4.6000000e+09 1.4410169e+07 1.4410169e+07
3.3620000e+11 5.1815499e+08 1.8600000e+10 1.8600000e+10 1.6675422e+08 1.6675422e+08
4.9300000e+10 4.8462172e+08 7.4700000e+09 7.4800000e+09 9.1638071e+07 9.1638071e+07
3.8000000e+11 2.2843566e+08 7.0000000e+08 7.0000000e+08 3.6375841e+07 3.6375841e+07
5.6010000e+11 4.1464710e+08 1.5000000e+10 1.5100000e+10 4.7265205e+07 4.7265205e+07
7.5150000e+11 1.5959936e+09 1.6500000e+10 1.6400000e+10 1.0374233e+08 1.0374233e+08
2.4720000e+11 1.5439074e+08 2.2100000e+10 2.2100000e+10 4.3763686e+07 4.3763686e+07
9.4090000e+10 1.5696161e+08 5.3600000e+09 5.3600000e+09 2.5230732e+07 2.5230732e+07
4.1390000e+11 1.6976676e+09 1.5520000e+11 1.5520000e+11 1.3140512e+08 1.3140512e+08
6.7930000e+11 8.3460766e+09 3.5000000e+09 3.6000000e+09 4.8384650e+08 4.8384650e+08
2.1710000e+11 6.9235792e+08 2.3000000e+09 2.4000000e+09 1.2658013e+08 1.2658013e+08
1.2860000e+11 1.6286854e+08 2.7000000e+09 2.8000000e+09 3.5849410e+07 3.5849410e+07
2.1610000e+11 3.8607900e+08 4.7000000e+09 4.7000000e+09 1.8928914e+07 1.8928914e+07
4.1400000e+11 5.1565569e+08 1.5100000e+10 1.5200000e+10 3.1025596e+07 3.1025596e+07
7.2800000e+11 1.4093494e+09 2.6400000e+10 2.6400000e+10 2.0743421e+08 2.0743421e+08
2.4580000e+11 1.6972787e+08 9.8000000e+09 9.8000000e+09 3.5351159e+07 3.5351159e+07
1.0170000e+10 1.9074593e+07 3.8300000e+08 3.9000000e+08 1.0329030e+07 1.0329030e+07
1.2860000e+12 1.0786847e+08 2.5000000e+10 2.5000000e+10 1.7833340e+08 1.7833340e+08
4.0740000e+11 8.7171349e+08 2.6000000e+09 2.6000000e+09 6.1992319e+07 6.1992319e+07
4.3580000e+11 1.0003456e+09 7.9000000e+10 7.8900000e+10 7.1393648e+07 7.1393648e+07
4.3080000e+11 1.1259361e+09 6.7000000e+09 6.6000000e+09 5.1118685e+07 5.1118685e+07
2.7730000e+11 2.3761558e+08 7.0000000e+09 6.9000000e+09 4.3233379e+07 4.3233379e+07
1.1300000e+12 8.9740722e+07 3.4000000e+10 3.5000000e+10 1.6806915e+07 1.6806915e+07
4.6650000e+11 8.1869311e+08 1.5600000e+10 1.5600000e+10 7.2063485e+07 7.2063485e+07
8.6850000e+11 4.7985462e+09 4.6340000e+11 4.6350000e+11 2.5935285e+08 2.5935285e+08
2.0690000e+11 2.0905335e+08 4.4000000e+09 4.5000000e+09 5.8032785e+07 5.8032785e+07
3.3060000e+11 1.2684025e+09 9.8000000e+09 9.7000000e+09 7.5326300e+07 7.5326300e+07
1.7920000e+11 6.1357252e+08 2.9000000e+09 2.9000000e+09 3.5438745e+07 3.5438745e+07
7.4270000e+11 3.9209993e+09 1.1800000e+10 1.1800000e+10 1.4793379e+08 1.4793379e+08
1.1400000e+11 7.8118038e+08 8.0000000e+08 9.0000000e+08 4.1512606e+07 4.1512606e+07
2.3170000e+11 1.5391905e+09 9.9000000e+09 9.9000000e+09 1.1321306e+08 1.1321306e+08
2.5730000e+11 5.4014961e+08 8.1800000e+10 8.1800000e+10 4.0443354e+07 4.0443354e+07
3.3570000e+11 7.5220646e+08 2.4100000e+10 2.4100000e+10 1.8043461e+07 1.8043461e+07
3.9900000e+11 8.8794058e+08 3.0400000e+10 3.0400000e+10 2.5440703e+07 2.5440703e+07
3.6390000e+11 4.0933454e+08 1.4900000e+10 1.4900000e+10 3.7447667e+07 3.7447667e+07
3.6100000e+11 4.5234819e+08 3.0000000e+09 3.0000000e+09 2.3150953e+07 2.3150953e+07
3.8090000e+11 2.6325347e+08 6.6600000e+10 6.6600000e+10 4.8663058e+07 4.8663058e+07
3.1480000e+11 9.5484416e+08 5.6000000e+09 5.7000000e+09 1.1379811e+08 1.1379811e+08
2.2390000e+11 1.0693764e+09 6.0000000e+08 6.0000000e+08 5.9989573e+07 5.9989573e+07
5.3880000e+11 1.7236971e+08 1.2460000e+11 1.2460000e+11 4.0159293e+07 4.0159293e+07
4.1050000e+11 6.6480911e+08 1.4300000e+10 1.4300000e+10 1.9591806e+08 1.9591806e+08
5.8680000e+11 1.2580859e+09 4.5000000e+09 4.5000000e+09 5.7428214e+07 5.7428214e+07
1.7750000e+11 6.5601219e+08 3.1900000e+10 3.1900000e+10 5.0073654e+07 5.0073654e+07
3.0820000e+11 1.3341759e+09 2.0130000e+11 2.0120000e+11 4.7755463e+07 4.7755463e+07
2.1350000e+11 4.1417014e+08 4.3100000e+10 4.3000000e+10 4.4009617e+07 4.4009617e+07
4.6770000e+11 5.5892212e+07 1.6300000e+10 1.6300000e+10 1.7530249e+07 1.7530249e+07
9.4720000e+11 1.7584520e+08 5.3400000e+10 5.3800000e+10 3.1066426e+07 3.1066426e+07
5.9260000e+11 2.2981157e+09 8.5000000e+09 8.5000000e+09 1.1083697e+08 1.1083697e+08
1.1410000e+11 9.7760574e+07 5.9000000e+09 5.8000000e+09 1.9939828e+07 1.9939828e+07
1.2130000e+11 7.8489669e+08 1.1000000e+09 1.2000000e+09 6.0621120e+07 6.0621120e+07
1.7200000e+11 3.6669706e+08 1.0870000e+11 1.0860000e+11 4.2758217e+07 4.2758217e+07
2.0970000e+11 1.8506083e+08 1.0690000e+11 1.0680000e+11 2.5610992e+07 2.5610992e+07
2.3190000e+11 2.5666534e+08 7.5000000e+09 7.5000000e+09 3.5972674e+07 3.5972674e+07
8.2470000e+10 1.7691653e+07 2.0300000e+09 2.0400000e+09 5.5629168e+07 5.5629168e+07
1.9480000e+11 5.8938467e+08 8.4100000e+10 8.4100000e+10 4.2671912e+07 4.2671912e+07
3.5150000e+11 5.5675873e+09 3.7500000e+10 3.7400000e+10 8.8905922e+08 8.8905922e+08
3.6710000e+11 3.8794202e+09 1.1000000e+09 1.1000000e+09 2.9062481e+08 2.9062481e+08
1.6810000e+11 1.0668362e+08 1.6000000e+09 1.7000000e+09 2.2918422e+07 2.2918422e+07
4.1340000e+11 5.0018476e+08 2.7900000e+10 2.7900000e+10 1.1132836e+08 1.1132836e+08
8.9260000e+11 7.1866220e+08 3.7500000e+10 3.7600000e+10 9.2069158e+07 9.2069158e+07
2.0190000e+11 7.4372092e+08 3.4800000e+10 3.4900000e+10 3.0970820e+07 3.0970820e+07
3.2130000e+11 1.1592622e+08 4.4800000e+10 4.4800000e+10 3.4913445e+07 3.4913445e+07
2.2280000e+11 5.4581697e+08 4.0000000e+08 4.0000000e+08 5.2345536e+07 5.2345536e+07
4.7040000e+11 1.5361082e+09 2.1000000e+10 2.1000000e+10 1.2408407e+08 1.2408407e+08
1.1840000e+11 2.2303349e+08 3.6220000e+10 3.6300000e+10 3.8994075e+07 3.8994075e+07
2.1940000e+11 1.6494495e+09 6.2000000e+09 6.3000000e+09 2.3352585e+08 2.3352585e+08
2.1750000e+11 3.6833791e+07 9.0000000e+08 1.0000000e+09 2.1016156e+07 2.1016156e+07
5.6930000e+11 4.9919647e+08 1.1270000e+11 1.1270000e+11 2.6603741e+07 2.6603741e+07
2.7200000e+11 4.6035259e+08 4.3000000e+09 4.2000000e+09 7.2395318e+07 7.2395318e+07
3.8920000e+11 2.8772408e+08 1.8920000e+11 1.8930000e+11 3.6147962e+07 3.6147962e+07
2.9260000e+11 3.9726720e+08 3.9000000e+09 3.9000000e+09 7.9142614e+07 7.9142614e+07
3.5480000e+11 8.5012250e+08 6.8000000e+09 6.8000000e+09 3.6124750e+07 3.6124750e+07
2.3350000e+11 4.9162859e+08 2.9700000e+10 2.9600000e+10 5.3063098e+07 5.3063098e+07
5.2090000e+11 1.2628889e+09 4.2700000e+10 4.2700000e+10 5.7301869e+07 5.7301869e+07
5.9040000e+11 1.0951343e+09 8.5000000e+09 8.6000000e+09 3.2725796e+07 3.2725796e+07
8.9050000e+10 5.4141313e+08 1.6300000e+09 1.6300000e+09 4.4839866e+07 4.4839866e+07
2.0100000e+11 4.7629700e+07 2.9200000e+10 2.9300000e+10 2.7753898e+07 2.7753898e+07
2.4520000e+11 7.4595787e+08 1.1000000e+09 1.2000000e+09 3.3617001e+07 3.3617001e+07
2.6030000e+11 5.6301387e+08 2.7100000e+10 2.7200000e+10 4.4256419e+07 4.4256419e+07
1.2280000e+11 1.9766864e+08 7.3000000e+09 7.4000000e+09 4.5366935e+07 4.5366935e+07
5.5610000e+11 7.7959566e+08 1.4200000e+10 1.4200000e+10 3.5875174e+07 3.5875174e+07
1.8910000e+11 9.4396102e+08 6.4700000e+10 6.4600000e+10 7.6434119e+07 7.6434119e+07
4.7400000e+11 4.6462717e+08 4.7600000e+10 4.7600000e+10 3.6101931e+07 3.6101931e+07
3.7880000e+11 1.6922369e+09 7.8000000e+09 7.9000000e+09 7.9260154e+07 7.9260154e+07
