# # low-z (shifted to z = 0); k = 1 
# # Ms 		 Mbh 	 err_Ms 	 Err_Ms 	 errMbh 	 ErrMbh
2.5118864e+12 4.2016231e+10 5.7838323e+11 5.7838323e+11 7.3334051e+09 9.1667564e+09
3.9810717e+11 2.4694372e+09 8.2500807e+10 8.2500807e+10 4.5217409e+08 1.6956528e+08
7.9432823e+11 4.0316748e+09 2.1948100e+11 2.1948100e+11 4.4790478e+08 4.4790478e+08
4.8977882e+11 1.1099649e+09 1.3533089e+11 1.3533089e+11 2.2722609e+08 2.2722609e+08
1.8197009e+11 8.7793130e+08 3.7710145e+10 3.7710145e+10 8.0218711e+07 4.0109356e+07
9.5499259e+10 1.9615437e+08 3.2984275e+10 3.2984275e+10 4.4896831e+06 4.4896831e+06
9.5499259e+10 1.6692125e+08 1.9790565e+10 1.9790565e+10 6.1141441e+07 9.5533502e+07
1.5848932e+11 4.9854586e+09 3.6493514e+10 3.6493514e+10 1.4660846e+09 2.1427391e+09
1.1481536e+11 3.0800488e+09 1.8506050e+10 1.8506050e+10 8.3444350e+08 1.3907392e+09
1.2022644e+11 4.9800710e+09 1.9378213e+10 1.9378213e+10 1.3533089e+09 1.9171876e+09
1.8620871e+11 1.4870956e+09 3.8588527e+10 3.8588527e+10 2.0434638e+08 2.0434638e+08
4.4668359e+10 5.9137568e+08 9.2567428e+09 9.2567428e+09 5.4234505e+07 5.4234505e+07
3.1622777e+11 8.7505712e+08 6.5532721e+10 6.5532721e+10 6.2169501e+08 6.2169501e+08
5.4954087e+11 4.7049478e+09 1.1388282e+11 1.1388282e+11 6.4619998e+08 4.3079999e+08
5.4954087e+11 2.9215239e+09 1.8980469e+11 1.8980469e+11 3.9844368e+08 3.9844368e+08
2.1379621e+11 3.9386930e+09 4.4305557e+10 4.4305557e+10 5.3748573e+08 8.0622860e+08
8.3176377e+11 1.7247363e+10 1.7236862e+11 1.7236862e+11 1.5641402e+09 1.5641402e+09
5.1286138e+09 1.5188587e+07 1.0628163e+09 1.0628163e+09 1.7425518e+06 2.4395725e+07
4.8977882e+11 1.7255854e+09 1.6916361e+11 1.6916361e+11 3.5193155e+08 4.6924206e+08
1.6982437e+10 1.7021496e+08 5.8655258e+09 5.8655258e+09 7.8207010e+06 1.1731052e+07
4.0738028e+11 3.7643949e+09 8.4422498e+10 8.4422498e+10 8.5549148e+07 5.1329489e+08
8.3176377e+10 8.9321169e+08 1.7236862e+10 1.7236862e+10 6.1565434e+07 3.2834898e+08
4.8977882e+10 2.4093878e+08 1.0149817e+10 1.0149817e+10 2.7617585e+07 9.3899788e+07
3.1622777e+10 1.7821916e+08 6.5532721e+09 6.5532721e+09 7.3703514e+07 1.3102847e+08
8.1283052e+10 4.1811999e+08 1.6844503e+10 1.6844503e+10 9.5987723e+07 1.1518527e+08
1.8197009e+11 3.3272055e+08 3.7710145e+10 3.7710145e+10 1.2199321e+08 6.0996607e+07
1.0232930e+11 4.6913835e+08 2.1205973e+10 2.1205973e+10 8.6159997e+07 1.0770000e+08
5.8884366e+11 9.3098066e+09 1.2202764e+11 1.2202764e+11 2.0999826e+09 3.3599721e+09
2.5118864e+11 2.8347296e+09 6.9405987e+10 6.9405987e+10 8.4364365e+08 8.4364365e+08
7.0794578e+10 9.8300292e+08 1.4670949e+10 1.4670949e+10 2.7002062e+08 3.6002750e+08
2.3442288e+10 3.9977922e+07 6.4773436e+09 6.4773436e+09 3.2083647e+07 2.7500269e+07
2.8840315e+10 4.4780030e+08 7.9688735e+09 7.9688735e+09 1.8513486e+08 1.8513486e+08
5.6234133e+10 7.2733370e+08 1.5538065e+10 1.5538065e+10 7.0059169e+08 1.0008453e+09
4.1686938e+11 9.3642737e+08 8.6388951e+10 8.6388951e+10 8.5955898e+07 8.5955898e+07
2.3988329e+10 7.1049439e+07 6.6282203e+09 6.6282203e+09 2.4451581e+07 2.4451581e+07
6.9183097e+11 2.5201757e+09 1.4336997e+11 1.4336997e+11 5.2054490e+08 1.1567665e+08
7.0794578e+10 8.9793532e+07 1.4670949e+10 1.4670949e+10 3.6939260e+07 6.1565434e+07
1.0964782e+10 1.5173452e+07 2.2722609e+09 2.2722609e+09 4.1821243e+06 7.6672278e+06
4.5708819e+09 5.9632841e+08 1.2629813e+09 1.2629813e+09 3.1799986e+08 3.1799986e+08
1.0471285e+11 4.4762163e+08 7.2333078e+10 7.2333078e+10 1.2342324e+08 1.1313797e+08
2.3988329e+10 8.7427325e+07 4.9711652e+09 4.9711652e+09 2.2060146e+07 2.8076549e+07
4.8977882e+10 1.2094780e+08 2.2555148e+10 2.2555148e+10 8.3049485e+06 8.3049485e+06
1.3182567e+11 3.9874414e+08 3.6424780e+10 3.6424780e+10 7.3334051e+07 7.3334051e+07
4.3651583e+11 4.6946576e+09 9.0460336e+10 9.0460336e+10 9.6929997e+08 1.1847000e+09
9.3325430e+10 2.0501091e+08 1.9340077e+10 1.9340077e+10 4.7012754e+07 5.6415304e+07
2.2387211e+10 2.0036424e+07 6.1858151e+09 6.1858151e+09 8.2696703e+06 1.3782784e+07
1.4454398e+11 1.7101314e+09 2.9954233e+10 2.9954233e+10 7.8207010e+07 1.9551753e+08
1.2302688e+12 2.1342160e+10 2.5495187e+11 2.5495187e+11 1.2026955e+10 3.0307927e+10
3.5481339e+11 1.0094000e+08 9.8038563e+10 9.8038563e+10 1.8420681e+07 2.3025851e+07
1.9054607e+11 8.5913874e+08 3.9487369e+10 3.9487369e+10 3.5276720e+08 6.2714168e+08
4.4668359e+11 4.8619245e+09 9.2567428e+10 9.2567428e+10 7.7146056e+08 2.5347990e+09
4.3651583e+11 7.3443318e+09 1.2061378e+11 1.2061378e+11 2.3353056e+09 2.3353056e+09
3.9810717e+11 3.7666242e+09 8.2500807e+10 8.2500807e+10 8.5549148e+07 1.1976881e+09
1.0000000e+11 2.7679998e+08 2.0723266e+10 2.0723266e+10 6.3418460e+07 9.5127689e+07
3.7153523e+10 4.9252158e+08 7.6994233e+09 7.6994233e+09 1.3533089e+08 1.8044119e+08
4.1686938e+11 1.1027281e+09 1.5358036e+11 1.5358036e+11 1.5148406e+08 1.5148406e+08
4.8977882e+11 3.8316428e+09 1.0149817e+11 1.0149817e+11 1.4543355e+09 1.3687864e+09
1.7782794e+11 2.1089355e+09 3.6851757e+10 3.6851757e+10 5.2918603e+08 9.6215643e+07
4.2657952e+10 4.6124769e+08 1.4733535e+10 1.4733535e+10 1.2629813e+08 1.7892236e+08
6.0255959e+10 3.1863110e+08 2.0811671e+10 2.0811671e+10 7.2814134e+07 9.4658374e+07
3.6307805e+09 8.9374644e+06 7.5241630e+08 7.5241630e+08 3.8991441e+06 3.6939260e+06
4.4668359e+11 2.3197326e+09 9.2567428e+10 9.2567428e+10 9.4948519e+08 1.0549835e+08
5.6234133e+11 1.3849802e+09 1.1653549e+11 1.1653549e+11 4.3485426e+08 4.9697629e+08
5.2480746e+11 6.4843054e+09 3.6252415e+11 3.6252415e+11 1.4866738e+08 1.4866738e+08
6.6069345e+10 1.2834745e+08 4.5639087e+10 4.5639087e+10 1.1595132e+07 1.1595132e+07
2.5118864e+10 1.1606159e+08 1.7351497e+10 1.7351497e+10 7.7506289e+06 1.0334172e+07
3.0902954e+10 1.2773486e+08 2.1347005e+10 2.1347005e+10 3.2463619e+07 4.5990127e+07
4.5708819e+10 4.6100437e+08 3.1574534e+10 3.1574534e+10 4.0204594e+07 5.0255742e+07
3.5481339e+10 4.0006498e+08 2.4509641e+10 2.4509641e+10 7.1855199e+07 1.2774258e+08
4.8977882e+10 3.7780447e+08 3.3832722e+10 3.3832722e+10 9.5806932e+07 1.3572649e+08
5.0118723e+10 5.8089859e+07 3.4620788e+10 3.4620788e+10 5.1793550e+06 6.4741938e+06
4.7863009e+10 1.2133167e+08 3.3062595e+10 3.3062595e+10 1.3526508e+07 1.6231810e+07
5.4954087e+09 5.2133759e+08 3.7960939e+09 3.7960939e+09 8.6159997e+07 1.4001000e+08
2.3442288e+10 8.0134781e+08 1.6193359e+10 1.6193359e+10 1.2743997e+08 1.7522996e+08
1.2022644e+11 1.4013003e+09 1.1073265e+11 1.1073265e+11 1.0821206e+08 1.6231810e+08
2.1877616e+11 2.4526996e+08 1.5112522e+11 1.5112522e+11 8.0600117e+07 1.3601270e+08
4.8977882e+10 7.9479096e+08 3.3832722e+10 3.3832722e+10 1.2777862e+08 1.4197625e+08
